import random
import copy
import time
import math

G = [
     [0,4,1,8,6,9,9,5,8,4],
     [4,0,6,2,5,3,8,6,9,3], 
     [1,6,0,1,2,7,7,2,6,2], 
     [8,2,1,0,3,8,6,5,8,1], 
     [6,5,2,3,0,4,5,7,6,8], 
     [9,3,7,8,4,0,4,2,4,7], 
     [9,8,7,6,5,4,0,1,3,5], 
     [5,6,2,5,7,2,1,0,3,6], 
     [8,9,6,8,6,4,3,3,0,3], 
     [4,3,2,1,8,7,5,6,3,0]  
    ]

G2 = [
        [0, 932, 451, 671, 902, 233, 250, 709, 431, 528, 894, 181, 53, 96, 685, 857, 811, 810, 289, 573],
        [932, 0, 967, 530, 699, 88, 173, 660, 287, 625, 106, 158, 591, 493, 373, 201, 120, 143, 779, 336],
        [451, 967, 0, 562, 588, 516, 654, 560, 732, 834, 518, 459, 887, 570, 775, 217, 458, 90, 328, 675],
        [671, 530, 562, 0, 392, 387, 982, 917, 224, 722, 213, 828, 789, 119, 306, 619, 285, 802, 458, 274],
        [902, 699, 588, 392, 0, 358, 985, 35, 467, 95, 443, 580, 66, 791, 9, 225, 938, 935, 228, 323],
        [233, 88, 516, 387, 358, 0, 646, 666, 22, 432, 442, 799, 41, 436, 561, 162, 850, 4, 467, 801],
        [250, 173, 654, 982, 985, 646, 0, 947, 927, 164, 12, 810, 455, 591, 109, 17, 828, 27, 747, 67],
        [709, 660, 560, 917, 35, 666, 947, 0, 5, 955, 10, 30, 870, 423, 84, 900, 677, 286, 561, 313],
        [431, 287, 732, 224, 467, 22, 927, 5, 0, 849, 242, 421, 905, 632, 23, 440, 594, 51, 8, 843],
        [528, 625, 834, 722, 95, 432, 164, 955, 849, 0, 105, 262, 826, 558, 526, 395, 44, 566, 864, 555],
        [894, 106, 518, 213, 443, 442, 12, 10, 242, 105, 0, 844, 332, 146, 57, 546, 61, 858, 367, 81],
        [181, 158, 459, 828, 580, 799, 810, 30, 421, 262, 844, 0, 620, 137, 102, 565, 412, 510, 233, 64],
        [53, 591, 887, 789, 66, 41, 455, 870, 905, 826, 332, 620, 0, 469, 537, 724, 507, 358, 961, 769],
        [96, 493, 570, 119, 791, 436, 591, 423, 632, 558, 146, 137, 469, 0, 234, 246, 955, 848, 237, 561],
        [685, 373, 775, 306, 9, 561, 109, 84, 23, 526, 57, 102, 537, 234, 0, 110, 244, 70, 504, 964],
        [857, 201, 217, 619, 225, 162, 17, 900, 440, 395, 546, 565, 724, 246, 110, 0, 407, 974, 913, 710],
        [811, 120, 458, 285, 938, 850, 828, 677, 594, 44, 61, 412, 507, 955, 244, 407, 0, 154, 509, 608],
        [810, 143, 90, 802, 935, 4, 27, 286, 51, 566, 858, 510, 358, 848, 70, 974, 154, 0, 221, 724],
        [289, 779, 328, 458, 228, 467, 747, 561, 8, 864, 367, 233, 961, 237, 504, 913, 509, 221, 0, 43],
        [573, 336, 675, 274, 323, 801, 67, 313, 843, 555, 81, 64, 769, 561, 964, 710, 608, 724, 43, 0]
    ]

G3 = [
        [0, 784, 205, 17, 224, 139, 463, 333, 264, 515, 432, 257, 819, 388, 55, 790, 775, 520, 483, 525, 781, 260, 197, 817, 607, 960, 738, 325, 964, 975], 
        [784, 0, 836, 850, 929, 375, 524, 327, 57, 721, 36, 942, 893, 472, 295, 316, 217, 719, 765, 277, 60, 339, 931, 719, 579, 742, 811, 825, 69, 675], 
        [205, 836, 0, 595, 442, 799, 753, 3, 295, 545, 850, 974, 242, 497, 16, 606, 937, 578, 558, 390, 592, 924, 52, 531, 691, 690, 694, 381, 741, 778], 
        [17, 850, 595, 0, 660, 771, 923, 502, 512, 970, 804, 459, 708, 188, 138, 425, 415, 873, 420, 544, 342, 729, 202, 899, 919, 665, 323, 436, 322, 638], 
        [224, 929, 442, 660, 0, 719, 78, 140, 884, 925, 52, 230, 729, 962, 388, 600, 18, 703, 928, 929, 707, 559, 395, 40, 221, 145, 724, 608, 612, 611], 
        [139, 375, 799, 771, 719, 0, 935, 918, 342, 200, 609, 57, 489, 751, 934, 285, 183, 667, 377, 911, 778, 510, 123, 687, 519, 345, 682, 593, 516, 20], 
        [463, 524, 753, 923, 78, 935, 0, 570, 490, 875, 437, 587, 871, 39, 157, 609, 106, 257, 221, 548, 933, 354, 536, 185, 455, 972, 338, 689, 47, 884], 
        [333, 327, 3, 502, 140, 918, 570, 0, 865, 87, 230, 699, 653, 230, 957, 573, 623, 940, 736, 153, 143, 789, 78, 668, 41, 272, 910, 401, 152, 222], 
        [264, 57, 295, 512, 884, 342, 490, 865, 0, 77, 785, 373, 30, 928, 580, 597, 866, 136, 993, 701, 890, 328, 358, 684, 93, 29, 154, 632, 888, 122], 
        [515, 721, 545, 970, 925, 200, 875, 87, 77, 0, 459, 136, 859, 874, 962, 176, 483, 42, 726, 309, 662, 909, 336, 31, 288, 352, 388, 978, 487, 205], 
        [432, 36, 850, 804, 52, 609, 437, 230, 785, 459, 0, 591, 734, 204, 778, 542, 607, 865, 4, 223, 765, 468, 792, 706, 111, 561, 665, 870, 685, 417], 
        [257, 942, 974, 459, 230, 57, 587, 699, 373, 136, 591, 0, 491, 406, 574, 9, 1, 212, 64, 984, 653, 389, 692, 912, 178, 230, 86, 896, 169, 351], 
        [819, 893, 242, 708, 729, 489, 871, 653, 30, 859, 734, 491, 0, 408, 29, 119, 65, 841, 452, 7, 990, 479, 407, 260, 17, 387, 571, 409, 345, 645], 
        [388, 472, 497, 188, 962, 751, 39, 230, 928, 874, 204, 406, 408, 0, 531, 585, 553, 5, 35, 140, 911, 60, 459, 82, 320, 856, 733, 65, 383, 821], 
        [55, 295, 16, 138, 388, 934, 157, 957, 580, 962, 778, 574, 29, 531, 0, 981, 878, 339, 190, 851, 647, 488, 142, 623, 750, 53, 234, 114, 403, 198], 
        [790, 316, 606, 425, 600, 285, 609, 573, 597, 176, 542, 9, 119, 585, 981, 0, 486, 353, 75, 567, 795, 342, 474, 171, 724, 636, 424, 973, 995, 465], 
        [775, 217, 937, 415, 18, 183, 106, 623, 866, 483, 607, 1, 65, 553, 878, 486, 0, 296, 202, 333, 706, 480, 600, 929, 347, 478, 398, 128, 949, 322], 
        [520, 719, 578, 873, 703, 667, 257, 940, 136, 42, 865, 212, 841, 5, 339, 353, 296, 0, 748, 677, 848, 235, 498, 198, 492, 22, 821, 491, 249, 207], 
        [483, 765, 558, 420, 928, 377, 221, 736, 993, 726, 4, 64, 452, 35, 190, 75, 202, 748, 0, 848, 675, 192, 955, 677, 164, 932, 867, 535, 541, 63], 
        [525, 277, 390, 544, 929, 911, 548, 153, 701, 309, 223, 984, 7, 140, 851, 567, 333, 677, 848, 0, 605, 163, 24, 119, 732, 484, 819, 136, 754, 493], 
        [781, 60, 592, 342, 707, 778, 933, 143, 890, 662, 765, 653, 990, 911, 647, 795, 706, 848, 675, 605, 0, 362, 439, 857, 788, 538, 189, 506, 565, 253], 
        [260, 339, 924, 729, 559, 510, 354, 789, 328, 909, 468, 389, 479, 60, 488, 342, 480, 235, 192, 163, 362, 0, 327, 825, 915, 649, 520, 144, 120, 902], 
        [197, 931, 52, 202, 395, 123, 536, 78, 358, 336, 792, 692, 407, 459, 142, 474, 600, 498, 955, 24, 439, 327, 0, 110, 607, 396, 690, 118, 981, 114], 
        [817, 719, 531, 899, 40, 687, 185, 668, 684, 31, 706, 912, 260, 82, 623, 171, 929, 198, 677, 119, 857, 825, 110, 0, 598, 655, 289, 964, 871, 753], 
        [607, 579, 691, 919, 221, 519, 455, 41, 93, 288, 111, 178, 17, 320, 750, 724, 347, 492, 164, 732, 788, 915, 607, 598, 0, 907, 151, 52, 175, 850], 
        [960, 742, 690, 665, 145, 345, 972, 272, 29, 352, 561, 230, 387, 856, 53, 636, 478, 22, 932, 484, 538, 649, 396, 655, 907, 0, 533, 757, 478, 337], 
        [738, 811, 694, 323, 724, 682, 338, 910, 154, 388, 665, 86, 571, 733, 234, 424, 398, 821, 867, 819, 189, 520, 690, 289, 151, 533, 0, 915, 725, 90], 
        [325, 825, 381, 436, 608, 593, 689, 401, 632, 978, 870, 896, 409, 65, 114, 973, 128, 491, 535, 136, 506, 144, 118, 964, 52, 757, 915, 0, 304, 180], 
        [964, 69, 741, 322, 612, 516, 47, 152, 888, 487, 685, 169, 345, 383, 403, 995, 949, 249, 541, 754, 565, 120, 981, 871, 175, 478, 725, 304, 0, 257], 
        [975, 675, 778, 638, 611, 20, 884, 222, 122, 205, 417, 351, 645, 821, 198, 465, 322, 207, 63, 493, 253, 902, 114, 753, 850, 337, 90, 180, 257, 0]
    ]

G32 = [
        [0, 432, 202, 154, 579, 210, 562, 321, 537, 63, 233, 555, 88, 591, 953, 583, 662, 888, 573, 852, 748, 622, 664, 527, 933, 89, 367, 177, 551, 579], 
        [432, 0, 191, 422, 61, 903, 190, 736, 72, 824, 263, 24, 347, 231, 995, 49, 956, 768, 172, 414, 744, 92, 401, 492, 776, 750, 758, 362, 168, 389], 
        [202, 191, 0, 832, 626, 404, 944, 905, 720, 858, 759, 826, 953, 966, 744, 569, 502, 548, 493, 36, 918, 558, 761, 535, 284, 157, 666, 96, 566, 988], 
        [154, 422, 832, 0, 798, 566, 914, 544, 390, 995, 520, 182, 686, 104, 106, 592, 674, 441, 491, 637, 339, 660, 312, 263, 846, 940, 98, 403, 81, 287], 
        [579, 61, 626, 798, 0, 442, 41, 306, 999, 277, 909, 641, 281, 170, 612, 916, 914, 350, 15, 529, 3, 814, 595, 158, 530, 17, 776, 140, 982, 867], 
        [210, 903, 404, 566, 442, 0, 290, 48, 819, 764, 350, 245, 490, 215, 953, 285, 454, 194, 336, 244, 708, 256, 980, 547, 618, 934, 763, 133, 699, 182], 
        [562, 190, 944, 914, 41, 290, 0, 610, 232, 412, 612, 640, 757, 435, 792, 896, 358, 117, 89, 729, 509, 47, 791, 369, 783, 594, 333, 83, 309, 203], 
        [321, 736, 905, 544, 306, 48, 610, 0, 430, 942, 139, 515, 815, 404, 891, 609, 811, 100, 299, 206, 838, 951, 747, 714, 637, 46, 201, 186, 958, 38], 
        [537, 72, 720, 390, 999, 819, 232, 430, 0, 408, 256, 587, 665, 666, 143, 640, 601, 370, 890, 129, 284, 147, 793, 182, 742, 228, 274, 293, 321, 263], 
        [63, 824, 858, 995, 277, 764, 412, 942, 408, 0, 169, 381, 671, 237, 292, 562, 791, 29, 127, 558, 721, 97, 658, 182, 142, 443, 336, 86, 783, 513], 
        [233, 263, 759, 520, 909, 350, 612, 139, 256, 169, 0, 159, 80, 306, 724, 649, 535, 524, 405, 55, 881, 397, 255, 708, 575, 131, 408, 919, 634, 439], 
        [555, 24, 826, 182, 641, 245, 640, 515, 587, 381, 159, 0, 972, 545, 13, 88, 391, 482, 727, 115, 102, 474, 204, 485, 312, 221, 963, 34, 663, 317], 
        [88, 347, 953, 686, 281, 490, 757, 815, 665, 671, 80, 972, 0, 970, 597, 969, 807, 209, 481, 27, 908, 266, 781, 844, 695, 235, 923, 927, 573, 165], 
        [591, 231, 966, 104, 170, 215, 435, 404, 666, 237, 306, 545, 970, 0, 661, 269, 620, 337, 840, 87, 664, 284, 269, 446, 147, 128, 531, 556, 344, 435], 
        [953, 995, 744, 106, 612, 953, 792, 891, 143, 292, 724, 13, 597, 661, 0, 632, 778, 123, 635, 166, 209, 250, 742, 1, 457, 684, 2, 306, 262, 2], 
        [583, 49, 569, 592, 916, 285, 896, 609, 640, 562, 649, 88, 969, 269, 632, 0, 709, 457, 871, 587, 764, 228, 281, 583, 966, 229, 939, 379, 382, 687], 
        [662, 956, 502, 674, 914, 454, 358, 811, 601, 791, 535, 391, 807, 620, 778, 709, 0, 564, 578, 494, 929, 926, 733, 960, 533, 375, 767, 585, 136, 56], 
        [888, 768, 548, 441, 350, 194, 117, 100, 370, 29, 524, 482, 209, 337, 123, 457, 564, 0, 78, 821, 606, 928, 352, 86, 15, 665, 610, 324, 599, 605], 
        [573, 172, 493, 491, 15, 336, 89, 299, 890, 127, 405, 727, 481, 840, 635, 871, 578, 78, 0, 674, 174, 215, 727, 758, 103, 273, 627, 197, 692, 699], 
        [852, 414, 36, 637, 529, 244, 729, 206, 129, 558, 55, 115, 27, 87, 166, 587, 494, 821, 674, 0, 581, 200, 351, 995, 978, 655, 196, 974, 472, 129], 
        [748, 744, 918, 339, 3, 708, 509, 838, 284, 721, 881, 102, 908, 664, 209, 764, 929, 606, 174, 581, 0, 256, 964, 162, 941, 786, 548, 277, 607, 178], 
        [622, 92, 558, 660, 814, 256, 47, 951, 147, 97, 397, 474, 266, 284, 250, 228, 926, 928, 215, 200, 256, 0, 409, 760, 557, 581, 821, 566, 771, 771], 
        [664, 401, 761, 312, 595, 980, 791, 747, 793, 658, 255, 204, 781, 269, 742, 281, 733, 352, 727, 351, 964, 409, 0, 766, 716, 770, 50, 27, 421, 719], 
        [527, 492, 535, 263, 158, 547, 369, 714, 182, 182, 708, 485, 844, 446, 1, 583, 960, 86, 758, 995, 162, 760, 766, 0, 500, 340, 579, 292, 316, 429], 
        [933, 776, 284, 846, 530, 618, 783, 637, 742, 142, 575, 312, 695, 147, 457, 966, 533, 15, 103, 978, 941, 557, 716, 500, 0, 103, 778, 190, 149, 120], 
        [89, 750, 157, 940, 17, 934, 594, 46, 228, 443, 131, 221, 235, 128, 684, 229, 375, 665, 273, 655, 786, 581, 770, 340, 103, 0, 381, 242, 459, 943], 
        [367, 758, 666, 98, 776, 763, 333, 201, 274, 336, 408, 963, 923, 531, 2, 939, 767, 610, 627, 196, 548, 821, 50, 579, 778, 381, 0, 734, 319, 351], 
        [177, 362, 96, 403, 140, 133, 83, 186, 293, 86, 919, 34, 927, 556, 306, 379, 585, 324, 197, 974, 277, 566, 27, 292, 190, 242, 734, 0, 344, 773], 
        [551, 168, 566, 81, 982, 699, 309, 958, 321, 783, 634, 663, 573, 344, 262, 382, 136, 599, 692, 472, 607, 771, 421, 316, 149, 459, 319, 344, 0, 270], 
        [579, 389, 988, 287, 867, 182, 203, 38, 263, 513, 439, 317, 165, 435, 2, 687, 56, 605, 699, 129, 178, 771, 719, 429, 120, 943, 351, 773, 270, 0]
    ]

G33 = [
        [0, 93, 23, 617, 996, 588, 664, 614, 116, 339, 531, 313, 870, 686, 665, 421, 955, 987, 474, 189, 638, 703, 64, 614, 120, 124, 795, 206, 696, 276], 
        [93, 0, 156, 995, 304, 972, 518, 284, 980, 948, 165, 246, 919, 167, 790, 186, 376, 867, 472, 505, 988, 172, 795, 120, 655, 107, 149, 120, 51, 584], 
        [23, 156, 0, 843, 502, 807, 746, 681, 789, 532, 45, 867, 434, 889, 294, 834, 354, 284, 481, 104, 35, 953, 416, 925, 668, 357, 425, 307, 940, 927], 
        [617, 995, 843, 0, 935, 676, 195, 531, 626, 768, 167, 998, 107, 760, 797, 593, 580, 238, 874, 582, 882, 137, 508, 238, 344, 760, 952, 175, 266, 447], 
        [996, 304, 502, 935, 0, 841, 360, 862, 44, 817, 556, 194, 78, 278, 307, 315, 808, 667, 841, 925, 75, 495, 484, 372, 637, 145, 746, 946, 415, 309], 
        [588, 972, 807, 676, 841, 0, 383, 990, 94, 282, 501, 267, 989, 970, 437, 6, 647, 795, 330, 882, 310, 64, 152, 538, 963, 919, 353, 505, 284, 190], 
        [664, 518, 746, 195, 360, 383, 0, 359, 82, 516, 929, 437, 414, 987, 921, 891, 509, 296, 322, 403, 632, 500, 437, 294, 742, 576, 124, 859, 384, 482], 
        [614, 284, 681, 531, 862, 990, 359, 0, 796, 697, 207, 762, 886, 703, 916, 11, 949, 636, 184, 440, 212, 48, 250, 233, 421, 987, 571, 85, 566, 203], 
        [116, 980, 789, 626, 44, 94, 82, 796, 0, 206, 869, 866, 738, 346, 241, 441, 354, 174, 444, 701, 663, 334, 102, 212, 256, 476, 754, 251, 630, 666], 
        [339, 948, 532, 768, 817, 282, 516, 697, 206, 0, 300, 672, 32, 735, 396, 209, 286, 991, 206, 77, 606, 997, 234, 524, 106, 6, 836, 553, 561, 890], 
        [531, 165, 45, 167, 556, 501, 929, 207, 869, 300, 0, 719, 627, 785, 593, 431, 958, 888, 2, 279, 497, 622, 585, 510, 319, 22, 270, 149, 492, 52], 
        [313, 246, 867, 998, 194, 267, 437, 762, 866, 672, 719, 0, 267, 667, 296, 939, 103, 145, 823, 306, 690, 543, 680, 254, 323, 145, 406, 287, 275, 937], 
        [870, 919, 434, 107, 78, 989, 414, 886, 738, 32, 627, 267, 0, 914, 649, 603, 273, 944, 964, 308, 367, 418, 942, 628, 914, 524, 951, 948, 303, 759], 
        [686, 167, 889, 760, 278, 970, 987, 703, 346, 735, 785, 667, 914, 0, 129, 649, 301, 804, 206, 303, 665, 346, 527, 134, 537, 373, 162, 37, 198, 47], 
        [665, 790, 294, 797, 307, 437, 921, 916, 241, 396, 593, 296, 649, 129, 0, 672, 379, 115, 588, 872, 675, 861, 840, 556, 545, 115, 174, 249, 284, 128], 
        [421, 186, 834, 593, 315, 6, 891, 11, 441, 209, 431, 939, 603, 649, 672, 0, 98, 856, 605, 210, 778, 119, 73, 575, 662, 790, 607, 5, 958, 880], 
        [955, 376, 354, 580, 808, 647, 509, 949, 354, 286, 958, 103, 273, 301, 379, 98, 0, 649, 632, 264, 605, 888, 780, 199, 535, 427, 487, 181, 941, 549], 
        [987, 867, 284, 238, 667, 795, 296, 636, 174, 991, 888, 145, 944, 804, 115, 856, 649, 0, 344, 288, 521, 595, 771, 998, 698, 327, 831, 101, 199, 134], 
        [474, 472, 481, 874, 841, 330, 322, 184, 444, 206, 2, 823, 964, 206, 588, 605, 632, 344, 0, 25, 623, 140, 929, 444, 588, 987, 360, 105, 601, 592], 
        [189, 505, 104, 582, 925, 882, 403, 440, 701, 77, 279, 306, 308, 303, 872, 210, 264, 288, 25, 0, 264, 253, 667, 21, 94, 881, 44, 766, 501, 432], 
        [638, 988, 35, 882, 75, 310, 632, 212, 663, 606, 497, 690, 367, 665, 675, 778, 605, 521, 623, 264, 0, 318, 658, 175, 801, 386, 275, 573, 512, 534], 
        [703, 172, 953, 137, 495, 64, 500, 48, 334, 997, 622, 543, 418, 346, 861, 119, 888, 595, 140, 253, 318, 0, 523, 49, 456, 612, 926, 323, 660, 512], 
        [64, 795, 416, 508, 484, 152, 437, 250, 102, 234, 585, 680, 942, 527, 840, 73, 780, 771, 929, 667, 658, 523, 0, 830, 693, 801, 574, 600, 2, 805], 
        [614, 120, 925, 238, 372, 538, 294, 233, 212, 524, 510, 254, 628, 134, 556, 575, 199, 998, 444, 21, 175, 49, 830, 0, 394, 866, 673, 194, 712, 690], 
        [120, 655, 668, 344, 637, 963, 742, 421, 256, 106, 319, 323, 914, 537, 545, 662, 535, 698, 588, 94, 801, 456, 693, 394, 0, 181, 201, 305, 258, 845], 
        [124, 107, 357, 760, 145, 919, 576, 987, 476, 6, 22, 145, 524, 373, 115, 790, 427, 327, 987, 881, 386, 612, 801, 866, 181, 0, 565, 105, 560, 247], 
        [795, 149, 425, 952, 746, 353, 124, 571, 754, 836, 270, 406, 951, 162, 174, 607, 487, 831, 360, 44, 275, 926, 574, 673, 201, 565, 0, 138, 178, 49], 
        [206, 120, 307, 175, 946, 505, 859, 85, 251, 553, 149, 287, 948, 37, 249, 5, 181, 101, 105, 766, 573, 323, 600, 194, 305, 105, 138, 0, 951, 386], 
        [696, 51, 940, 266, 415, 284, 384, 566, 630, 561, 492, 275, 303, 198, 284, 958, 941, 199, 601, 501, 512, 660, 2, 712, 258, 560, 178, 951, 0, 761], 
        [276, 584, 927, 447, 309, 190, 482, 203, 666, 890, 52, 937, 759, 47, 128, 880, 549, 134, 592, 432, 534, 512, 805, 690, 845, 247, 49, 386, 761, 0]
    ]

G8 = [[0, 775, 259, 938, 771, 488, 746, 502, 167, 920, 829, 985, 396, 521, 796, 598, 189, 648, 526, 430, 808, 949, 512, 365, 748, 851, 49, 514, 530, 652, 897, 441, 409, 986, 159, 201, 768, 850, 641, 208, 370, 254, 154, 664, 160, 166, 522, 643, 619, 939, 6, 288, 255, 990, 345, 397, 788, 884, 551, 276, 411, 332, 129, 54, 602, 113, 841, 206, 983, 100, 784, 758, 954, 712, 306, 262, 330, 975, 11, 5], [775, 0, 706, 676, 708, 46, 55, 875, 665, 760, 371, 841, 319, 901, 153, 963, 940, 122, 377, 46, 24, 564, 572, 465, 23, 891, 202, 958, 480, 650, 125, 193, 870, 420, 364, 808, 725, 136, 452, 473, 699, 762, 162, 324, 606, 370, 231, 213, 714, 708, 875, 986, 767, 455, 487, 761, 482, 407, 63, 664, 737, 584, 814, 493, 289, 255, 297, 213, 91, 231, 669, 380, 6, 940, 380, 226, 182, 649, 694, 105], [259, 706, 0, 344, 786, 43, 542, 117, 533, 570, 52, 890, 665, 833, 410, 81, 755, 836, 464, 485, 21, 657, 927, 124, 994, 252, 78, 197, 703, 292, 808, 700, 808, 691, 223, 559, 164, 756, 477, 750, 848, 597, 834, 936, 900, 14, 168, 376, 975, 985, 72, 874, 745, 351, 772, 91, 657, 329, 387, 710, 496, 892, 708, 15, 411, 106, 260, 729, 178, 891, 674, 104, 528, 437, 392, 641, 480, 337, 883, 812], [938, 676, 344, 0, 292, 328, 842, 876, 188, 619, 820, 49, 192, 247, 840, 598, 879, 551, 259, 857, 147, 519, 554, 228, 72, 151, 304, 351, 379, 789, 411, 601, 455, 795, 399, 558, 386, 283, 622, 205, 706, 5, 571, 737, 472, 193, 659, 503, 730, 294, 72, 368, 241, 610, 589, 887, 395, 742, 973, 576, 507, 844, 660, 309, 237, 798, 274, 304, 636, 51, 680, 521, 462, 348, 299, 441, 462, 599, 971, 118], [771, 708, 786, 292, 0, 260, 644, 777, 609, 383, 529, 896, 888, 212, 709, 53, 737, 953, 747, 561, 614, 350, 703, 387, 523, 14, 789, 153, 76, 430, 442, 314, 220, 182, 6, 58, 884, 892, 690, 842, 369, 23, 128, 754, 809, 516, 260, 25, 435, 716, 709, 140, 225, 593, 162, 312, 652, 510, 796, 838, 961, 410, 458, 149, 960, 41, 103, 615, 853, 143, 13, 856, 360, 105, 363, 925, 955, 278, 132, 384], [488, 46, 43, 328, 260, 0, 265, 472, 451, 905, 414, 549, 933, 854, 920, 101, 111, 164, 908, 89, 590, 271, 890, 59, 232, 396, 977, 977, 29, 165, 171, 472, 876, 259, 953, 978, 1000, 882, 849, 85, 273, 443, 114, 761, 291, 916, 928, 224, 383, 606, 182, 96, 315, 555, 190, 684, 277, 539, 447, 310, 685, 241, 925, 270, 539, 93, 222, 881, 892, 222, 706, 339, 875, 4, 65, 277, 109, 13, 16, 197], [746, 55, 542, 842, 644, 265, 0, 130, 663, 855, 203, 499, 470, 586, 728, 587, 837, 414, 661, 586, 213, 832, 922, 106, 75, 538, 442, 891, 877, 509, 482, 608, 150, 473, 346, 94, 312, 833, 763, 490, 642, 285, 347, 728, 584, 53, 499, 873, 154, 494, 682, 388, 165, 778, 471, 519, 587, 372, 276, 452, 822, 970, 929, 243, 416, 165, 833, 994, 537, 87, 816, 514, 669, 86, 620, 880, 757, 634, 835, 701], [502, 875, 117, 876, 777, 472, 130, 0, 738, 235, 818, 523, 71, 521, 670, 870, 426, 986, 796, 524, 956, 519, 398, 465, 433, 557, 918, 872, 59, 147, 93, 751, 576, 794, 181, 234, 327, 690, 753, 83, 464, 797, 62, 425, 518, 313, 447, 171, 731, 70, 596, 521, 616, 916, 155, 115, 356, 491, 679, 562, 924, 69, 929, 720, 632, 102, 874, 318, 610, 461, 506, 473, 738, 469, 238, 219, 534, 613, 790, 653], [167, 665, 533, 188, 609, 451, 663, 738, 0, 363, 977, 938, 247, 10, 196, 741, 492, 980, 394, 219, 718, 992, 793, 213, 747, 971, 355, 957, 886, 329, 878, 161, 394, 920, 43, 582, 369, 171, 881, 660, 756, 569, 875, 921, 478, 838, 251, 599, 724, 117, 702, 465, 57, 346, 477, 319, 667, 534, 746, 846, 37, 828, 304, 139, 522, 945, 624, 427, 173, 469, 255, 16, 697, 271, 929, 354, 959, 542, 742, 522], [920, 760, 570, 619, 383, 905, 855, 235, 363, 0, 259, 194, 599, 147, 870, 631, 761, 561, 235, 161, 75, 554, 302, 959, 657, 282, 865, 322, 625, 851, 217, 63, 555, 454, 632, 967, 886, 522, 385, 946, 818, 268, 929, 906, 95, 765, 27, 812, 459, 728, 354, 313, 675, 942, 579, 667, 957, 227, 639, 987, 736, 275, 523, 196, 309, 384, 311, 635, 632, 361, 413, 131, 954, 716, 77, 5, 449, 145, 616, 102], [829, 371, 52, 820, 529, 414, 203, 818, 977, 259, 0, 434, 789, 745, 851, 120, 634, 927, 236, 186, 658, 75, 876, 571, 475, 466, 198, 90, 565, 471, 209, 462, 769, 336, 121, 842, 898, 15, 518, 746, 478, 240, 423, 130, 770, 679, 478, 151, 632, 342, 379, 467, 69, 723, 100, 659, 935, 877, 214, 863, 444, 245, 437, 614, 630, 612, 675, 705, 126, 820, 19, 817, 377, 18, 18, 265, 454, 150, 128, 183], [985, 841, 890, 49, 896, 549, 499, 523, 938, 194, 434, 0, 535, 168, 947, 209, 711, 64, 23, 496, 170, 493, 349, 703, 565, 963, 348, 943, 107, 817, 920, 865, 831, 994, 604, 393, 742, 163, 854, 412, 25, 257, 201, 124, 124, 427, 800, 684, 132, 926, 150, 318, 543, 620, 335, 812, 835, 457, 621, 704, 347, 532, 722, 901, 502, 614, 599, 568, 968, 664, 144, 62, 844, 162, 882, 874, 341, 997, 466, 639], [396, 319, 665, 192, 888, 933, 470, 71, 247, 599, 789, 535, 0, 317, 25, 779, 720, 217, 685, 220, 277, 12, 909, 538, 144, 819, 644, 979, 781, 138, 777, 174, 775, 410, 540, 68, 284, 584, 304, 16, 225, 523, 658, 459, 986, 279, 430, 811, 481, 946, 169, 898, 95, 583, 741, 906, 533, 210, 107, 104, 544, 252, 519, 290, 687, 814, 185, 680, 199, 697, 186, 639, 235, 175, 982, 981, 11, 730, 902, 640], [521, 901, 833, 247, 212, 854, 586, 521, 10, 147, 745, 168, 317, 0, 904, 552, 864, 879, 140, 927, 918, 781, 520, 629, 497, 405, 219, 577, 196, 96, 996, 894, 421, 357, 346, 697, 868, 483, 380, 869, 331, 514, 134, 574, 448, 913, 426, 408, 165, 706, 971, 558, 538, 826, 738, 993, 230, 96, 95, 969, 390, 449, 69, 218, 650, 45, 743, 527, 249, 454, 826, 629, 260, 62, 975, 787, 963, 269, 251, 37], [796, 153, 410, 840, 709, 920, 728, 670, 196, 870, 851, 947, 25, 904, 0, 661, 718, 492, 372, 631, 956, 211, 601, 930, 927, 50, 178, 73, 1, 343, 525, 488, 926, 683, 699, 640, 685, 80, 391, 535, 328, 963, 698, 314, 900, 347, 463, 656, 828, 44, 534, 671, 27, 434, 284, 82, 366, 969, 292, 654, 243, 584, 185, 989, 827, 640, 378, 227, 971, 188, 203, 580, 726, 986, 727, 441, 921, 190, 985, 156], [598, 963, 81, 598, 53, 101, 587, 870, 741, 631, 120, 209, 779, 552, 661, 0, 166, 592, 857, 741, 775, 857, 247, 864, 390, 795, 771, 716, 770, 581, 40, 380, 366, 477, 991, 90, 94, 391, 580, 388, 329, 167, 304, 21, 739, 253, 711, 572, 937, 591, 181, 398, 494, 817, 180, 839, 921, 479, 861, 639, 291, 714, 144, 912, 257, 801, 535, 965, 30, 159, 454, 806, 898, 746, 304, 16, 124, 123, 42, 21], [189, 940, 755, 879, 737, 111, 837, 426, 492, 761, 634, 711, 720, 864, 718, 166, 0, 570, 296, 375, 920, 470, 395, 516, 205, 469, 326, 565, 323, 528, 470, 512, 681, 476, 52, 180, 293, 387, 347, 313, 678, 505, 873, 650, 831, 227, 894, 849, 477, 72, 228, 920, 532, 957, 50, 548, 551, 130, 99, 422, 925, 26, 143, 711, 307, 872, 994, 992, 839, 79, 438, 342, 369, 426, 260, 81, 831, 686, 770, 597], [648, 122, 836, 551, 953, 164, 414, 986, 980, 561, 927, 64, 217, 879, 492, 592, 570, 0, 165, 896, 404, 51, 931, 974, 878, 203, 20, 369, 626, 226, 475, 633, 778, 797, 700, 284, 98, 317, 889, 14, 169, 681, 38, 299, 27, 34, 889, 249, 1000, 463, 620, 270, 774, 700, 970, 477, 952, 941, 575, 451, 820, 388, 793, 43, 570, 307, 951, 287, 760, 564, 158, 297, 999, 658, 229, 162, 518, 936, 129, 671], [526, 377, 464, 259, 747, 908, 661, 796, 394, 235, 236, 23, 685, 140, 372, 857, 296, 165, 0, 865, 752, 113, 313, 858, 103, 976, 96, 380, 964, 99, 627, 663, 60, 964, 173, 729, 732, 215, 168, 763, 481, 727, 887, 554, 68, 855, 482, 161, 363, 60, 865, 631, 436, 173, 150, 336, 679, 746, 178, 832, 604, 428, 445, 669, 408, 905, 734, 204, 490, 74, 600, 172, 135, 269, 993, 547, 447, 982, 507, 558], [430, 46, 485, 857, 561, 89, 586, 524, 219, 161, 186, 496, 220, 927, 631, 741, 375, 896, 865, 0, 902, 426, 241, 726, 875, 646, 546, 207, 49, 460, 817, 539, 1, 799, 188, 690, 181, 579, 969, 709, 551, 771, 867, 238, 35, 539, 568, 257, 156, 842, 57, 178, 710, 846, 150, 136, 912, 180, 810, 245, 155, 525, 466, 227, 118, 240, 951, 566, 818, 136, 186, 933, 238, 703, 224, 227, 566, 547, 888, 930], [808, 24, 21, 147, 614, 590, 213, 956, 718, 75, 658, 170, 277, 918, 956, 775, 920, 404, 752, 902, 0, 975, 667, 793, 991, 688, 516, 17, 251, 628, 614, 931, 498, 225, 433, 627, 756, 860, 738, 555, 41, 700, 447, 450, 217, 542, 671, 20, 44, 607, 255, 615, 261, 712, 564, 999, 476, 310, 104, 907, 450, 631, 146, 139, 525, 40, 978, 499, 41, 19, 288, 160, 539, 47, 671, 968, 807, 467, 355, 794], [949, 564, 657, 519, 350, 271, 832, 519, 992, 554, 75, 493, 12, 781, 211, 857, 470, 51, 113, 426, 975, 0, 381, 178, 153, 823, 78, 479, 854, 529, 784, 739, 850, 232, 370, 486, 357, 58, 797, 347, 967, 178, 878, 514, 275, 322, 360, 112, 801, 536, 413, 329, 766, 297, 134, 540, 651, 382, 80, 354, 255, 799, 577, 201, 44, 146, 475, 10, 7, 523, 512, 271, 403, 393, 168, 432, 800, 804, 470, 311], [512, 572, 927, 554, 703, 890, 922, 398, 793, 302, 876, 349, 909, 520, 601, 247, 395, 931, 313, 241, 667, 381, 0, 872, 493, 296, 123, 249, 155, 191, 95, 346, 479, 31, 118, 254, 451, 291, 283, 757, 91, 577, 594, 215, 74, 464, 886, 422, 156, 669, 1000, 602, 89, 777, 486, 374, 760, 932, 803, 41, 820, 50, 898, 271, 329, 933, 880, 414, 932, 119, 832, 480, 527, 268, 684, 928, 262, 62, 541, 865], [365, 465, 124, 228, 387, 59, 106, 465, 213, 959, 571, 703, 538, 629, 930, 864, 516, 974, 858, 726, 793, 178, 872, 0, 344, 628, 869, 907, 23, 752, 245, 651, 267, 43, 70, 261, 215, 566, 226, 893, 814, 200, 442, 831, 667, 933, 53, 370, 862, 773, 836, 598, 417, 826, 310, 926, 743, 539, 915, 641, 139, 719, 560, 670, 609, 141, 391, 588, 359, 410, 235, 549, 553, 122, 966, 481, 848, 575, 832, 472], [748, 23, 994, 72, 523, 232, 75, 433, 747, 657, 475, 565, 144, 497, 927, 390, 205, 878, 103, 875, 991, 153, 493, 344, 0, 129, 924, 476, 481, 458, 538, 729, 583, 987, 800, 325, 936, 211, 986, 206, 168, 969, 270, 41, 543, 753, 449, 186, 715, 581, 141, 504, 835, 478, 586, 361, 592, 895, 427, 77, 786, 570, 947, 222, 259, 292, 74, 120, 139, 307, 647, 759, 14, 551, 552, 157, 775, 542, 121, 269], [851, 891, 252, 151, 14, 396, 538, 557, 971, 282, 466, 963, 819, 405, 50, 795, 469, 203, 976, 646, 688, 823, 296, 628, 129, 0, 391, 386, 59, 42, 941, 354, 345, 926, 789, 112, 311, 281, 789, 346, 107, 522, 312, 49, 754, 474, 176, 734, 635, 909, 106, 72, 502, 821, 481, 418, 350, 98, 89, 348, 938, 241, 763, 496, 674, 304, 76, 376, 153, 123, 502, 453, 258, 305, 787, 162, 867, 858, 514, 976], [49, 202, 78, 304, 789, 977, 442, 918, 355, 865, 198, 348, 644, 219, 178, 771, 326, 20, 96, 546, 516, 78, 123, 869, 924, 391, 0, 521, 560, 941, 195, 932, 896, 10, 270, 979, 942, 553, 646, 949, 847, 390, 95, 542, 245, 812, 783, 807, 276, 980, 150, 822, 198, 347, 745, 914, 369, 546, 861, 722, 335, 74, 1000, 538, 253, 275, 509, 477, 496, 388, 553, 130, 538, 547, 425, 790, 648, 588, 401, 446], [514, 958, 197, 351, 153, 977, 891, 872, 957, 322, 90, 943, 979, 577, 73, 716, 565, 369, 380, 207, 17, 479, 249, 907, 476, 386, 521, 0, 78, 698, 201, 718, 756, 411, 737, 926, 494, 873, 365, 391, 455, 358, 108, 33, 830, 589, 605, 790, 458, 292, 247, 775, 708, 663, 715, 963, 142, 960, 647, 306, 312, 265, 798, 854, 756, 160, 731, 605, 665, 920, 174, 459, 267, 740, 735, 848, 820, 677, 74, 139], [530, 480, 703, 379, 76, 29, 877, 59, 886, 625, 565, 107, 781, 196, 1, 770, 323, 626, 964, 49, 251, 854, 155, 23, 481, 59, 560, 78, 0, 747, 537, 895, 476, 753, 625, 585, 527, 983, 855, 399, 90, 975, 347, 425, 845, 573, 188, 6, 245, 556, 473, 198, 192, 892, 988, 726, 118, 182, 622, 972, 260, 676, 606, 329, 228, 828, 581, 815, 406, 6, 122, 776, 599, 92, 718, 41, 895, 969, 409, 343], [652, 650, 292, 789, 430, 165, 509, 147, 329, 851, 471, 817, 138, 96, 343, 581, 528, 226, 99, 460, 628, 529, 191, 752, 458, 42, 941, 698, 747, 0, 602, 197, 867, 976, 14, 196, 263, 827, 381, 445, 346, 399, 165, 377, 370, 180, 489, 759, 542, 715, 390, 910, 88, 293, 301, 284, 145, 506, 75, 199, 995, 807, 374, 343, 516, 601, 127, 653, 521, 115, 830, 933, 666, 427, 883, 858, 709, 18, 405, 724], [897, 125, 808, 411, 442, 171, 482, 93, 878, 217, 209, 920, 777, 996, 525, 40, 470, 475, 627, 817, 614, 784, 95, 245, 538, 941, 195, 201, 537, 602, 0, 674, 959, 571, 788, 976, 894, 976, 323, 159, 610, 808, 984, 479, 76, 864, 151, 563, 978, 382, 384, 602, 141, 343, 554, 853, 632, 893, 787, 608, 173, 504, 934, 765, 629, 505, 92, 202, 984, 729, 894, 938, 497, 978, 611, 299, 937, 954, 971, 769], [441, 193, 700, 601, 314, 472, 608, 751, 161, 63, 462, 865, 174, 894, 488, 380, 512, 633, 663, 539, 931, 739, 346, 651, 729, 354, 932, 718, 895, 197, 674, 0, 277, 487, 799, 584, 825, 682, 550, 184, 462, 361, 61, 225, 202, 957, 721, 836, 815, 685, 18, 300, 643, 772, 414, 309, 368, 988, 529, 894, 141, 524, 552, 283, 905, 588, 512, 861, 509, 433, 689, 727, 598, 516, 741, 50, 371, 233, 259, 758], [409, 870, 808, 455, 220, 876, 150, 576, 394, 555, 769, 831, 775, 421, 926, 366, 681, 778, 60, 1, 498, 850, 479, 267, 583, 345, 896, 756, 476, 867, 959, 277, 0, 231, 439, 914, 786, 503, 92, 627, 23, 379, 882, 689, 113, 281, 661, 930, 790, 299, 519, 47, 922, 872, 256, 696, 514, 631, 8, 431, 874, 950, 45, 972, 527, 599, 105, 701, 129, 42, 328, 988, 50, 667, 688, 839, 58, 202, 68, 636], [986, 420, 691, 795, 182, 259, 473, 794, 920, 454, 336, 994, 410, 357, 683, 477, 476, 797, 964, 799, 225, 232, 31, 43, 987, 926, 10, 411, 753, 976, 571, 487, 231, 0, 683, 969, 738, 956, 895, 379, 588, 755, 819, 925, 420, 266, 116, 483, 580, 80, 942, 761, 705, 8, 988, 439, 607, 213, 649, 905, 269, 273, 581, 76, 987, 948, 693, 1, 683, 582, 761, 23, 964, 495, 867, 772, 98, 882, 704, 647], [159, 364, 223, 399, 6, 953, 346, 181, 43, 632, 121, 604, 540, 346, 699, 991, 52, 700, 173, 188, 433, 370, 118, 70, 800, 789, 270, 737, 625, 14, 788, 799, 439, 683, 0, 222, 317, 346, 230, 915, 742, 677, 340, 156, 847, 393, 893, 700, 224, 676, 652, 841, 490, 342, 267, 965, 216, 650, 573, 339, 965, 903, 254, 224, 349, 161, 912, 789, 596, 315, 570, 907, 143, 9, 13, 126, 849, 292, 300, 544], [201, 808, 559, 558, 58, 978, 94, 234, 582, 967, 842, 393, 68, 697, 640, 90, 180, 284, 729, 690, 627, 486, 254, 261, 325, 112, 979, 926, 585, 196, 976, 584, 914, 969, 222, 0, 174, 615, 683, 997, 986, 929, 981, 267, 1, 767, 997, 706, 580, 83, 346, 532, 473, 728, 426, 305, 756, 204, 219, 709, 676, 714, 622, 524, 351, 683, 610, 892, 221, 640, 386, 24, 153, 252, 897, 79, 604, 193, 359, 523], [768, 725, 164, 386, 884, 1000, 312, 327, 369, 886, 898, 742, 284, 868, 685, 94, 293, 98, 732, 181, 756, 357, 451, 215, 936, 311, 942, 494, 527, 263, 894, 825, 786, 738, 317, 174, 0, 48, 641, 150, 359, 190, 89, 288, 343, 902, 662, 611, 655, 611, 924, 240, 19, 675, 978, 102, 448, 131, 403, 183, 207, 385, 620, 75, 656, 930, 890, 192, 305, 325, 391, 169, 400, 983, 496, 630, 957, 990, 586, 331], [850, 136, 756, 283, 892, 882, 833, 690, 171, 522, 15, 163, 584, 483, 80, 391, 387, 317, 215, 579, 860, 58, 291, 566, 211, 281, 553, 873, 983, 827, 976, 682, 503, 956, 346, 615, 48, 0, 297, 585, 49, 792, 296, 890, 833, 249, 105, 961, 64, 998, 308, 488, 471, 48, 839, 776, 187, 384, 358, 917, 282, 608, 354, 957, 846, 975, 974, 18, 476, 688, 586, 179, 694, 91, 787, 2, 23, 426, 18, 615], [641, 452, 477, 622, 690, 849, 763, 753, 881, 385, 518, 854, 304, 380, 391, 580, 347, 889, 168, 969, 738, 797, 283, 226, 986, 789, 646, 365, 855, 381, 323, 550, 92, 895, 230, 683, 641, 297, 0, 420, 790, 370, 215, 666, 382, 52, 693, 363, 928, 683, 674, 276, 248, 872, 7, 309, 607, 100, 901, 613, 419, 254, 726, 723, 918, 649, 57, 602, 110, 553, 669, 928, 233, 64, 722, 731, 378, 803, 284, 943], [208, 473, 750, 205, 842, 85, 490, 83, 660, 946, 746, 412, 16, 869, 535, 388, 313, 14, 763, 709, 555, 347, 757, 893, 206, 346, 949, 391, 399, 445, 159, 184, 627, 379, 915, 997, 150, 585, 420, 0, 384, 97, 335, 19, 520, 17, 937, 24, 186, 515, 789, 304, 178, 130, 838, 950, 502, 656, 235, 888, 94, 371, 161, 848, 384, 9, 592, 137, 568, 638, 922, 656, 45, 304, 61, 133, 432, 353, 501, 436], [370, 699, 848, 706, 369, 273, 642, 464, 756, 818, 478, 25, 225, 331, 328, 329, 678, 169, 481, 551, 41, 967, 91, 814, 168, 107, 847, 455, 90, 346, 610, 462, 23, 588, 742, 986, 359, 49, 790, 384, 0, 139, 425, 888, 144, 974, 266, 520, 808, 877, 981, 148, 47, 338, 143, 650, 132, 440, 154, 260, 337, 701, 295, 636, 687, 882, 323, 868, 691, 292, 597, 935, 277, 948, 11, 899, 34, 523, 39, 559], [254, 762, 597, 5, 23, 443, 285, 797, 569, 268, 240, 257, 523, 514, 963, 167, 505, 681, 727, 771, 700, 178, 577, 200, 969, 522, 390, 358, 975, 399, 808, 361, 379, 755, 677, 929, 190, 792, 370, 97, 139, 0, 763, 398, 69, 227, 78, 910, 378, 192, 958, 103, 186, 632, 457, 201, 315, 452, 715, 167, 865, 220, 97, 415, 831, 303, 467, 664, 803, 249, 860, 750, 40, 746, 660, 634, 250, 941, 725, 583], [154, 162, 834, 571, 128, 114, 347, 62, 875, 929, 423, 201, 658, 134, 698, 304, 873, 38, 887, 867, 447, 878, 594, 442, 270, 312, 95, 108, 347, 165, 984, 61, 882, 819, 340, 981, 89, 296, 215, 335, 425, 763, 0, 115, 457, 4, 998, 893, 171, 560, 659, 88, 562, 9, 225, 965, 541, 158, 978, 235, 367, 186, 907, 538, 652, 960, 565, 945, 611, 396, 406, 917, 74, 409, 547, 226, 802, 27, 945, 115], [664, 324, 936, 737, 754, 761, 728, 425, 921, 906, 130, 124, 459, 574, 314, 21, 650, 299, 554, 238, 450, 514, 215, 831, 41, 49, 542, 33, 425, 377, 479, 225, 689, 925, 156, 267, 288, 890, 666, 19, 888, 398, 115, 0, 465, 252, 32, 980, 845, 294, 762, 342, 218, 638, 653, 543, 398, 952, 563, 834, 164, 287, 252, 150, 129, 504, 229, 588, 522, 879, 767, 735, 808, 868, 817, 695, 179, 236, 785, 366], [160, 606, 900, 472, 809, 291, 584, 518, 478, 95, 770, 124, 986, 448, 900, 739, 831, 27, 68, 35, 217, 275, 74, 667, 543, 754, 245, 830, 845, 370, 76, 202, 113, 420, 847, 1, 343, 833, 382, 520, 144, 69, 457, 465, 0, 506, 649, 488, 240, 88, 409, 976, 835, 998, 949, 342, 36, 760, 744, 594, 69, 33, 816, 448, 278, 871, 510, 468, 147, 785, 372, 16, 646, 369, 697, 821, 362, 142, 883, 379], [166, 370, 14, 193, 516, 916, 53, 313, 838, 765, 679, 427, 279, 913, 347, 253, 227, 34, 855, 539, 542, 322, 464, 933, 753, 474, 812, 589, 573, 180, 864, 957, 281, 266, 393, 767, 902, 249, 52, 17, 974, 227, 4, 252, 506, 0, 800, 845, 610, 143, 603, 484, 766, 241, 357, 228, 538, 469, 412, 424, 622, 984, 238, 606, 897, 61, 540, 40, 330, 209, 215, 212, 86, 753, 466, 801, 1, 56, 657, 857], [522, 231, 168, 659, 260, 928, 499, 447, 251, 27, 478, 800, 430, 426, 463, 711, 894, 889, 482, 568, 671, 360, 886, 53, 449, 176, 783, 605, 188, 489, 151, 721, 661, 116, 893, 997, 662, 105, 693, 937, 266, 78, 998, 32, 649, 800, 0, 791, 948, 866, 149, 158, 286, 510, 951, 125, 660, 483, 301, 747, 600, 504, 952, 439, 136, 526, 169, 153, 846, 410, 728, 475, 552, 311, 994, 761, 914, 699, 564, 173], [643, 213, 376, 503, 25, 224, 873, 171, 599, 812, 151, 684, 811, 408, 656, 572, 849, 249, 161, 257, 20, 112, 422, 370, 186, 734, 807, 790, 6, 759, 563, 836, 930, 483, 700, 706, 611, 961, 363, 24, 520, 910, 893, 980, 488, 845, 791, 0, 602, 354, 943, 388, 96, 826, 403, 594, 561, 860, 263, 39, 949, 211, 887, 881, 800, 475, 448, 882, 619, 593, 873, 816, 913, 705, 926, 416, 139, 898, 890, 410], [619, 714, 975, 730, 435, 383, 154, 731, 724, 459, 632, 132, 481, 165, 828, 937, 477, 1000, 363, 156, 44, 801, 156, 862, 715, 635, 276, 458, 245, 542, 978, 815, 790, 580, 224, 580, 655, 64, 928, 186, 808, 378, 171, 845, 240, 610, 948, 602, 0, 132, 841, 2, 35, 265, 116, 671, 809, 95, 992, 746, 907, 976, 969, 959, 343, 331, 187, 31, 581, 273, 730, 675, 607, 315, 586, 181, 275, 180, 364, 803], [939, 708, 985, 294, 716, 606, 494, 70, 117, 728, 342, 926, 946, 706, 44, 591, 72, 463, 60, 842, 607, 536, 669, 773, 581, 909, 980, 292, 556, 715, 382, 685, 299, 80, 676, 83, 611, 998, 683, 515, 877, 192, 560, 294, 88, 143, 866, 354, 132, 0, 865, 673, 285, 784, 635, 951, 112, 528, 855, 743, 379, 615, 892, 439, 269, 379, 122, 781, 841, 806, 460, 302, 900, 793, 65, 456, 931, 382, 924, 532], [6, 875, 72, 72, 709, 182, 682, 596, 702, 354, 379, 150, 169, 971, 534, 181, 228, 620, 865, 57, 255, 413, 1000, 836, 141, 106, 150, 247, 473, 390, 384, 18, 519, 942, 652, 346, 924, 308, 674, 789, 981, 958, 659, 762, 409, 603, 149, 943, 841, 865, 0, 382, 121, 372, 124, 400, 218, 651, 497, 858, 197, 570, 250, 867, 692, 545, 485, 240, 940, 378, 405, 408, 117, 290, 30, 575, 929, 927, 475, 860], [288, 986, 874, 368, 140, 96, 388, 521, 465, 313, 467, 318, 898, 558, 671, 398, 920, 270, 631, 178, 615, 329, 602, 598, 504, 72, 822, 775, 198, 910, 602, 300, 47, 761, 841, 532, 240, 488, 276, 304, 148, 103, 88, 342, 976, 484, 158, 388, 2, 673, 382, 0, 610, 144, 61, 234, 469, 246, 95, 64, 526, 732, 892, 173, 292, 268, 480, 453, 320, 687, 117, 956, 628, 630, 736, 182, 896, 926, 868, 320], [255, 767, 745, 241, 225, 315, 165, 616, 57, 675, 69, 543, 95, 538, 27, 494, 532, 774, 436, 710, 261, 766, 89, 417, 835, 502, 198, 708, 192, 88, 141, 643, 922, 705, 490, 473, 19, 471, 248, 178, 47, 186, 562, 218, 835, 766, 286, 96, 35, 285, 121, 610, 0, 784, 817, 320, 363, 533, 187, 356, 543, 173, 51, 195, 459, 946, 828, 760, 660, 554, 653, 435, 143, 810, 71, 448, 425, 740, 985, 601], [990, 455, 351, 610, 593, 555, 778, 916, 346, 942, 723, 620, 583, 826, 434, 817, 957, 700, 173, 846, 712, 297, 777, 826, 478, 821, 347, 663, 892, 293, 343, 772, 872, 8, 342, 728, 675, 48, 872, 130, 338, 632, 9, 638, 998, 241, 510, 826, 265, 784, 372, 144, 784, 0, 279, 88, 944, 401, 945, 556, 683, 707, 999, 60, 97, 225, 754, 450, 849, 502, 162, 41, 166, 728, 987, 616, 773, 145, 314, 574], [345, 487, 772, 589, 162, 190, 471, 155, 477, 579, 100, 335, 741, 738, 284, 180, 50, 970, 150, 150, 564, 134, 486, 310, 586, 481, 745, 715, 988, 301, 554, 414, 256, 988, 267, 426, 978, 839, 7, 838, 143, 457, 225, 653, 949, 357, 951, 403, 116, 635, 124, 61, 817, 279, 0, 671, 280, 903, 901, 38, 574, 190, 624, 849, 569, 683, 557, 189, 693, 724, 932, 538, 909, 234, 51, 947, 586, 504, 789, 321], [397, 761, 91, 887, 312, 684, 519, 115, 319, 667, 659, 812, 906, 993, 82, 839, 548, 477, 336, 136, 999, 540, 374, 926, 361, 418, 914, 963, 726, 284, 853, 309, 696, 439, 965, 305, 102, 776, 309, 950, 650, 201, 965, 543, 342, 228, 125, 594, 671, 951, 400, 234, 320, 88, 671, 0, 977, 556, 753, 753, 987, 326, 78, 865, 512, 942, 909, 424, 49, 741, 855, 780, 751, 17, 869, 978, 891, 385, 601, 460], [788, 482, 657, 395, 652, 277, 587, 356, 667, 957, 935, 835, 533, 230, 366, 921, 551, 952, 679, 912, 476, 651, 760, 743, 592, 350, 369, 142, 118, 145, 632, 368, 514, 607, 216, 756, 448, 187, 607, 502, 132, 315, 541, 398, 36, 538, 660, 561, 809, 112, 218, 469, 363, 944, 280, 977, 0, 509, 561, 326, 13, 128, 305, 39, 189, 657, 371, 73, 812, 599, 898, 510, 728, 490, 995, 409, 582, 21, 752, 259], [884, 407, 329, 742, 510, 539, 372, 491, 534, 227, 877, 457, 210, 96, 969, 479, 130, 941, 746, 180, 310, 382, 932, 539, 895, 98, 546, 960, 182, 506, 893, 988, 631, 213, 650, 204, 131, 384, 100, 656, 440, 452, 158, 952, 760, 469, 483, 860, 95, 528, 651, 246, 533, 401, 903, 556, 509, 0, 677, 315, 448, 651, 787, 7, 753, 838, 277, 434, 576, 338, 116, 261, 397, 755, 958, 886, 568, 49, 803, 211], [551, 63, 387, 973, 796, 447, 276, 679, 746, 639, 214, 621, 107, 95, 292, 861, 99, 575, 178, 810, 104, 80, 803, 915, 427, 89, 861, 647, 622, 75, 787, 529, 8, 649, 573, 219, 403, 358, 901, 235, 154, 715, 978, 563, 744, 412, 301, 263, 992, 855, 497, 95, 187, 945, 901, 753, 561, 677, 0, 937, 160, 177, 839, 725, 127, 940, 867, 494, 451, 766, 583, 409, 613, 14, 908, 397, 326, 434, 830, 538], [276, 664, 710, 576, 838, 310, 452, 562, 846, 987, 863, 704, 104, 969, 654, 639, 422, 451, 832, 245, 907, 354, 41, 641, 77, 348, 722, 306, 972, 199, 608, 894, 431, 905, 339, 709, 183, 917, 613, 888, 260, 